0) 3d:-1.80478 -4.20141 -8.94485      2d: 924.336 1287.84
1) 3d:3.80865 -0.864168 -8.55261      2d: 285.318 922.232
2) 3d:4.75229 -2.09966 -8.4098      2d: 168.763 1070.02
3) 3d:4.62281 0.322609 -8.16531      2d: 171.212 783.183
4) 3d:4.21833 1.50383 -8.17527      2d: 220.596 640.396
5) 3d:3.82342 -1.43122 -8.64753      2d: 287.235 986.247
6) 3d:3.36553 0.879389 -8.59215      2d: 337.673 720.736
7) 3d:3.56123 -3.89883 -9.09931      2d: 332.052 1247.34
8) 3d:3.34895 -1.54253 -8.83446      2d: 347.313 995.289
9) 3d:4.16214 -1.70534 -8.49544      2d: 241.987 1021.08
10) 3d:3.28325 -0.961866 -9.01996      2d: 359.835 927.769
11) 3d:4.73936 -2.23352 -8.43766      2d: 171.719 1084.64
12) 3d:3.88877 -0.414591 -8.44471      2d: 271.75 870.975
13) 3d:2.84075 -4.24301 -9.3437      2d: 416.017 1273.3
14) 3d:3.26994 -1.1527 -9.00593      2d: 360.927 948.696
15) 3d:4.0756 0.480614 -8.27012      2d: 242.194 764.794
16) 3d:3.43551 -0.850642 -8.78152      2d: 335.861 918.058
17) 3d:4.13379 -3.37853 -8.69652      2d: 253.828 1207.65
18) 3d:4.71242 -0.832742 -8.27267      2d: 166.203 922.005
19) 3d:4.00718 2.25608 -7.98835      2d: 237.608 542.941
20) 3d:2.73903 2.28165 -8.70551      2d: 412.229 562.556
21) 3d:0.877664 -0.884392 -9.1235      2d: 624.394 917.796
22) 3d:4.12553 -0.65909 -8.43101      2d: 243.415 899.902
23) 3d:4.01057 -1.45995 -8.53429      2d: 261.238 991.703
24) 3d:4.58398 -3.16147 -8.58929      2d: 197.378 1187.14
25) 3d:4.39074 -3.35096 -8.57399      2d: 219.022 1209.89
26) 3d:3.92926 -1.36865 -8.54754      2d: 271.191 980.733
27) 3d:4.39246 0.311597 -8.22355      2d: 202.01 784.71
28) 3d:3.99152 -0.75099 -8.52911      2d: 263.165 909.224
29) 3d:3.33541 -1.61764 -8.96026      2d: 352.495 1001.14
30) 3d:1.0277 -0.885917 -8.84385      2d: 607.956 920.761
31) 3d:3.76427 -0.292854 -8.46156      2d: 286.97 856.271
32) 3d:4.11377 -1.59695 -8.50029      2d: 247.829 1008.37
33) 3d:4.26178 -3.39992 -8.66353      2d: 237.824 1211.62
34) 3d:3.68112 -3.84975 -8.99761      2d: 315.694 1246.86
35) 3d:3.93033 -1.6835 -8.61291      2d: 273.657 1015.8
36) 3d:1.88423 0.678088 -8.91762      2d: 512.25 746.462
37) 3d:3.7678 1.74306 -8.19026      2d: 275.673 611.972
38) 3d:3.31596 -1.20681 -8.98014      2d: 355.14 955.068
39) 3d:4.0656 0.365245 -8.29185      2d: 244.353 778.501
40) 3d:3.56705 -2.48804 -8.92428      2d: 325.81 1098.56
41) 3d:4.6496 -0.199685 -8.22419      2d: 171.129 846.143
42) 3d:1.94943 -4.13597 -9.70679      2d: 514.579 1245.47
43) 3d:3.88807 0.0331132 -8.35543      2d: 268.189 818.321
44) 3d:3.12804 1.23619 -8.64735      2d: 366.547 680.631
45) 3d:4.07018 -1.4965 -8.53691      2d: 254.428 995.913
46) 3d:3.85307 -1.67582 -8.64342      2d: 283.699 1014.21
47) 3d:3.83357 -0.196322 -8.42512      2d: 277.422 845.037
48) 3d:4.73797 -0.0664333 -8.19628      2d: 158.981 830.469
49) 3d:3.29824 -1.51916 -8.99967      2d: 357.709 989.62
50) 3d:3.63309 -2.54663 -8.86325      2d: 316.479 1107.12
51) 3d:3.80862 -1.23805 -8.60399      2d: 287.285 964.593
52) 3d:3.5099 -3.41063 -9.08816      2d: 337.276 1194.57
53) 3d:4.00184 1.19796 -8.16617      2d: 246.408 677.066
54) 3d:3.63128 -0.403679 -8.59102      2d: 307.173 868.823
55) 3d:3.65145 -1.32108 -8.66781      2d: 307.64 973.138
56) 3d:1.05026 -0.745082 -8.80456      2d: 605.361 905.428
57) 3d:3.92205 -1.7523 -8.60181      2d: 274.189 1024.04
58) 3d:4.71059 0.255281 -8.17518      2d: 161.124 791.562
59) 3d:0.915082 -1.10664 -8.99728      2d: 620.499 943.327
60) 3d:3.70057 -3.77268 -9.11255      2d: 317.247 1232.9
61) 3d:3.71099 -1.18094 -8.65304      2d: 300.286 957.288
62) 3d:2.98315 1.11293 -8.82481      2d: 387.705 697.193
63) 3d:3.69137 -1.43393 -8.7007      2d: 304.238 985.37
64) 3d:1.07871 -1.48183 -8.85086      2d: 602.415 987.787
65) 3d:4.00015 0.247203 -8.32413      2d: 253.555 792.691
66) 3d:3.74556 -0.0379213 -8.44525      2d: 288.521 826.637
67) 3d:3.39186 -0.558603 -8.81653      2d: 341.812 884.815
68) 3d:3.21028 2.19861 -8.38584      2d: 349.128 562.542
69) 3d:3.36874 -0.573604 -8.81104      2d: 344.251 886.58
70) 3d:3.61108 -2.2794 -8.84872      2d: 318.437 1077.61
71) 3d:4.6767 -0.631211 -8.28536      2d: 171.13 897.593
72) 3d:4.49414 1.43879 -7.99996      2d: 178.051 644.367
73) 3d:3.75619 -0.0741815 -8.44032      2d: 287.079 830.515
74) 3d:4.17407 0.736475 -8.21616      2d: 227.912 733.521
75) 3d:4.76795 -0.697861 -8.26261      2d: 159.005 905.875
76) 3d:4.3853 0.216243 -8.22743      2d: 203.073 796.41
77) 3d:3.61807 -1.13844 -8.72623      2d: 313.416 951.173
78) 3d:3.84437 -2.2003 -8.67157      2d: 285.791 1073.45
79) 3d:4.07023 0.337633 -8.29504      2d: 243.949 782.109
80) 3d:3.59244 -1.1848 -8.69793      2d: 315.398 957.202
81) 3d:4.00556 1.58081 -8.11246      2d: 243.527 629.524
82) 3d:4.04277 2.16926 -7.99562      2d: 233.552 554.12
83) 3d:4.26992 2.26716 -7.92761      2d: 202.031 539.487
84) 3d:4.27838 -3.05822 -8.61817      2d: 233.932 1174.16
85) 3d:4.16612 1.398 -8.11578      2d: 224.133 652.075
86) 3d:3.79212 -0.403681 -8.40986      2d: 281.73 869.625
87) 3d:2.9303 1.41037 -8.81031      2d: 393.231 663.519
88) 3d:2.04708 -4.0161 -9.48783      2d: 502.081 1242.31
89) 3d:3.79079 -0.770754 -8.52728      2d: 286.418 911.536
90) 3d:4.18743 1.36865 -8.09558      2d: 220.574 654.969
91) 3d:4.66794 1.39351 -8.04168      2d: 158.917 650.83
92) 3d:4.47361 0.223771 -8.20641      2d: 191.39 795.402
93) 3d:3.40471 1.81568 -8.33075      2d: 324.382 606.449
94) 3d:4.59011 -0.553985 -8.2759      2d: 180.993 888.646
95) 3d:3.85824 1.46113 -8.09917      2d: 260.929 643.868
96) 3d:3.72586 -2.29672 -8.81307      2d: 304.345 1080.63
97) 3d:3.73803 -3.91406 -8.97563      2d: 308.69 1255.07
98) 3d:3.19176 2.2147 -8.35701      2d: 350.424 559.95
99) 3d:3.10855 0.487298 -8.81974      2d: 373.595 767.377
100) 3d:3.92634 0.123065 -8.37687      2d: 264.522 807.575
101) 3d:4.14323 1.21727 -8.14571      2d: 228.335 674.549
102) 3d:4.06274 -1.98208 -8.58815      2d: 257.447 1051.1
103) 3d:0.956084 -0.982016 -8.97393      2d: 615.964 930.199
104) 3d:4.06345 2.15254 -8.0247      2d: 232.363 556.887
105) 3d:3.70033 0.0154799 -8.4108      2d: 292.518 819.97
106) 3d:4.17996 -3.0925 -8.63551      2d: 245.986 1177.31
107) 3d:3.22647 -1.2595 -8.99154      2d: 365.357 960.996
108) 3d:4.21555 1.63733 -8.04918      2d: 214.869 620.974
109) 3d:3.43642 -2.80868 -9.04875      2d: 344.094 1130.27
110) 3d:3.97217 2.15264 -8.0274      2d: 243.726 556.969
111) 3d:4.08415 -2.14776 -8.59255      2d: 255.121 1069.36
112) 3d:3.46537 -1.32893 -8.94337      2d: 337.563 969.589
113) 3d:4.36121 1.21006 -8.15358      2d: 202.266 675.685
114) 3d:3.51619 -1.10632 -8.77265      2d: 326.499 947.053
115) 3d:4.69047 -2.37469 -8.45034      2d: 178.121 1100.98
116) 3d:3.76336 -0.900241 -8.53604      2d: 289.953 926.631
117) 3d:3.89517 -0.732004 -8.53405      2d: 274.557 907.154
118) 3d:2.94641 1.40649 -8.8291      2d: 391.885 664.413
119) 3d:4.00432 -0.239283 -8.41103      2d: 256.773 850.34
120) 3d:4.27649 0.275902 -8.21512      2d: 215.564 788.948
121) 3d:3.74219 -2.56872 -8.79541      2d: 301.931 1112.03
122) 3d:3.81017 -2.57657 -8.76517      2d: 293.167 1113.72
123) 3d:2.9826 1.22153 -8.81401      2d: 387.479 684.931
124) 3d:4.53687 0.127602 -8.15393      2d: 181.03 806.425
125) 3d:4.83667 -3.45478 -8.56734      2d: 167.1 1222.28
126) 3d:3.93162 -1.57236 -8.55989      2d: 271.432 1004.27
127) 3d:4.19033 -0.370466 -8.33706      2d: 231.579 866.217
128) 3d:4.82922 -0.298274 -8.23428      2d: 150.087 858.162
129) 3d:4.34622 1.28347 -8.09104      2d: 200.963 665.506
130) 3d:3.20058 -1.07527 -9.00184      2d: 368.464 940.578
131) 3d:3.87292 -0.728469 -8.53865      2d: 277.316 906.633
132) 3d:4.91846 -3.14826 -8.52102      2d: 155.185 1188.81
133) 3d:3.41898 -1.09695 -8.83864      2d: 339.513 945.095
134) 3d:3.28471 -1.32568 -9.00743      2d: 359.382 968.022
135) 3d:3.86996 -0.934502 -8.52814      2d: 277.273 930.646
136) 3d:4.32943 0.472494 -8.25666      2d: 211.172 765.35
137) 3d:2.95713 1.75942 -8.69259      2d: 387.19 621.886
138) 3d:1.38907 -4.03368 -9.91581      2d: 572.813 1226.25
139) 3d:4.67837 -3.41717 -8.56398      2d: 185.253 1217.99
140) 3d:3.9666 -0.11799 -8.39844      2d: 260.689 836.302
141) 3d:3.74383 -1.35545 -8.67715      2d: 297.412 976.918
142) 3d:1.39208 -4.04674 -10.0866      2d: 573.182 1221.01
143) 3d:3.80234 -2.48856 -8.76171      2d: 293.918 1103.83
144) 3d:4.664 1.35791 -8.04196      2d: 159.419 655.26
145) 3d:4.5034 -0.640226 -8.29604      2d: 192.369 898.489
146) 3d:0.215385 -4.04404 -9.15163      2d: 697.231 1260.05
147) 3d:3.60983 -3.13624 -9.00449      2d: 323.715 1167.97
148) 3d:4.18345 2.26322 -7.94412      2d: 213.627 540.45
149) 3d:4.80261 -3.16886 -8.52142      2d: 168.686 1191.17
150) 3d:3.9509 -3.24598 -8.7885      2d: 278.185 1188.68
151) 3d:4.23495 0.765497 -8.18915      2d: 219.305 729.791
152) 3d:3.83182 1.73894 -8.11689      2d: 264.874 610.215
153) 3d:4.32215 2.31259 -7.91174      2d: 194.696 533.218
154) 3d:2.40393 -4.01198 -9.20948      2d: 460.283 1254.55
155) 3d:3.95211 2.13288 -7.99229      2d: 244.611 558.351
156) 3d:3.9595 -0.267462 -8.42341      2d: 262.561 853.547
157) 3d:4.62953 -0.271519 -8.23533      2d: 174.138 854.867
158) 3d:3.63848 -4.00708 -9.04328      2d: 321.884 1262.13
159) 3d:-1.49847 -4.09739 -10.22      2d: 855.492 1220.66
160) 3d:1.14727 -4.05079 -10.3635      2d: 597.676 1210.45
161) 3d:2.40202 -4.25448 -9.02263      2d: 457.437 1290.2
162) 3d:4.44248 -0.810622 -8.30805      2d: 200.246 918.871
163) 3d:1.6053 -4.02965 -10.3078      2d: 553.387 1210.78
164) 3d:3.24472 0.739292 -8.71918      2d: 355.364 738.026
165) 3d:2.2071 -4.09326 -9.50008      2d: 485.504 1250.14
166) 3d:4.05414 -3.25822 -8.74511      2d: 264.828 1191.84
167) 3d:4.42446 -0.176478 -8.25721      2d: 199.86 843.406
168) 3d:2.59146 -4.13831 -9.32215      2d: 442.135 1263.1
169) 3d:1.19697 -4.08739 -9.09705      2d: 590.392 1267.83
170) 3d:3.82735 1.6753 -8.18175      2d: 268.138 619.683
171) 3d:4.3077 1.55265 -8.0586      2d: 204.032 631.693
172) 3d:3.80307 -2.35993 -8.75113      2d: 293.449 1089.71
173) 3d:4.24988 -0.313008 -8.28204      2d: 221.954 859.529
174) 3d:3.92073 0.180852 -8.3551      2d: 264.289 800.814
175) 3d:3.41476 -1.32359 -8.97628      2d: 344.144 968.328
176) 3d:3.80105 -3.67452 -8.91425      2d: 299.572 1231.25
177) 3d:-0.238754 -4.07205 -10.6218      2d: 728.043 1203.61
178) 3d:3.16926 1.6158 -8.53836      2d: 358.613 635.036
179) 3d:3.32848 -1.11835 -8.90907      2d: 351.729 946.697
180) 3d:3.41991 -1.17607 -8.81962      2d: 338.842 954.355
181) 3d:4.13591 2.20176 -7.97914      2d: 221.244 549.351
182) 3d:1.60666 -4.30476 -9.84058      2d: 550.608 1257.17
183) 3d:4.29412 0.637566 -8.17523      2d: 211.49 744.877
184) 3d:3.09235 2.32199 -8.39411      2d: 363.261 548.771
185) 3d:3.29436 -0.124836 -8.87927      2d: 354.523 835.966
186) 3d:3.16103 1.61096 -8.50761      2d: 358.665 634.686
187) 3d:3.90743 -3.76177 -8.77376      2d: 282.553 1247.23
188) 3d:3.64429 -1.4766 -8.7252      2d: 310.454 989.88
189) 3d:4.4672 2.17983 -7.93472      2d: 177.84 550.704
190) 3d:4.65478 1.1438 -8.03938      2d: 160.419 681.549
191) 3d:1.02425 -0.704209 -8.80107      2d: 608.283 900.896
192) 3d:4.35985 -0.228269 -8.31198      2d: 210.234 849.196
193) 3d:3.98681 -0.152201 -8.42175      2d: 259.283 840.657
194) 3d:3.64435 -0.178192 -8.56902      2d: 304.858 842.792
195) 3d:3.33325 1.68475 -8.39112      2d: 334.871 623.497
196) 3d:3.58478 -3.57368 -9.05376      2d: 328.059 1214.02
197) 3d:3.75737 1.86079 -7.97819      2d: 268.122 592.039
198) 3d:4.25263 -4.05612 -8.70048      2d: 240.473 1284.78
199) 3d:3.7594 -2.402 -8.763      2d: 298.811 1093.9
200) 3d:4.59635 -0.283929 -8.23246      2d: 177.98 856.508
201) 3d:3.28332 2.07232 -8.457      2d: 342.785 579.941
202) 3d:3.06594 0.565078 -8.81291      2d: 378.19 758.573
203) 3d:-1.60118 -3.91184 -10.2232      2d: 865.328 1201.93
204) 3d:4.26595 2.16395 -7.92932      2d: 202.621 552.456
205) 3d:1.45084 -4.03367 -9.75248      2d: 565.821 1232.4
206) 3d:3.29637 2.20928 -8.35516      2d: 337.981 560.42
207) 3d:3.47856 -0.161057 -8.71072      2d: 328.653 840.439
208) 3d:3.73308 1.40971 -8.10567      2d: 276.483 649.961
209) 3d:3.6017 -2.40086 -8.89285      2d: 320.931 1089.77
210) 3d:3.3671 -3.64613 -9.10534      2d: 353.376 1219.36
211) 3d:3.0804 -4.20125 -9.2778      2d: 388.947 1271.91
212) 3d:4.08445 -2.22021 -8.60455      2d: 255.614 1077.8
213) 3d:4.84503 -0.617243 -8.26581      2d: 149.945 896.177
214) 3d:4.08109 0.753853 -8.2472      2d: 240.494 731.857
215) 3d:3.61021 -0.85111 -8.62685      2d: 310.894 919.852
216) 3d:3.73081 -0.700535 -8.54305      2d: 293.966 903.329
217) 3d:3.27444 1.88395 -8.39424      2d: 341.875 600.101
218) 3d:3.85309 1.65498 -8.19156      2d: 265.44 622.408
219) 3d:3.57989 -3.39855 -9.03734      2d: 328.054 1195.32
220) 3d:3.84844 -2.45289 -8.70337      2d: 286.552 1101.66
221) 3d:4.36138 2.24363 -7.90762      2d: 189.585 541.693
222) 3d:3.44012 -3.65437 -9.08385      2d: 344.804 1221.41
223) 3d:3.68061 -1.36781 -8.67403      2d: 304.527 978.368
224) 3d:0.81047 -4.16268 -10.2941      2d: 630.217 1224.12
225) 3d:3.97228 -3.30015 -8.78308      2d: 275.573 1195.09
226) 3d:2.92662 1.57297 -8.77003      2d: 392.627 644.519
227) 3d:3.98499 1.93486 -8.05166      2d: 243.268 584.33
228) 3d:-0.332756 -4.04565 -11.2359      2d: 729.982 1180.3
229) 3d:4.03417 0.861657 -8.19871      2d: 243.975 718.248
230) 3d:3.75506 -1.67527 -8.65853      2d: 295.487 1013.77
231) 3d:3.53016 -0.932592 -8.69134      2d: 322.246 928.469
232) 3d:1.09457 -4.06567 -10.0044      2d: 602.447 1225.7
233) 3d:4.13735 -3.22092 -8.70475      2d: 253.75 1189.37
234) 3d:3.73125 -2.84305 -8.84873      2d: 305.026 1140.88
235) 3d:3.18574 -0.36484 -8.93192      2d: 368.116 862.525
236) 3d:0.266285 -4.11701 -10.256      2d: 683.109 1220.93
237) 3d:4.00976 0.692909 -8.23266      2d: 248.425 739.015
238) 3d:-1.11039 -4.0095 -10.4509      2d: 813.024 1203.22
239) 3d:3.51608 -0.261819 -8.55564      2d: 319.245 852.432
240) 3d:4.32561 0.375252 -8.21062      2d: 209.421 776.885
241) 3d:3.4339 1.98722 -8.28677      2d: 319.365 585.045
242) 3d:3.33266 1.99715 -8.31018      2d: 332.229 584.354
243) 3d:-1.21277 -4.05593 -12.1464      2d: 793.368 1154.69
244) 3d:0.907455 -4.08558 -9.99856      2d: 621.095 1228.1
245) 3d:4.56576 -0.0509673 -8.24144      2d: 182.095 828.081
246) 3d:3.45418 -3.37491 -9.1199      2d: 344.309 1189.72
247) 3d:4.81084 -0.226418 -8.21729      2d: 151.363 849.931
248) 3d:3.62992 -2.36041 -8.8485      2d: 316.328 1086.73
249) 3d:4.09337 2.31772 -7.93095      2d: 224.19 533.166
250) 3d:2.88118 2.08039 -8.7432      2d: 397.019 586.61
251) 3d:4.03286 1.49668 -8.11552      2d: 240.346 639.737
252) 3d:3.68568 1.7158 -8.20086      2d: 286.01 615.254
253) 3d:3.69191 -2.3526 -8.78965      2d: 307.368 1087.56
254) 3d:3.98151 1.97015 -8.05027      2d: 243.63 579.977
255) 3d:3.82863 1.89031 -8.04707      2d: 262.275 590.033
256) 3d:3.4218 0.628745 -8.66781      2d: 333.646 750.311
257) 3d:3.38383 -2.42064 -9.04257      2d: 349.617 1087.54
258) 3d:4.37946 -3.11177 -8.54482      2d: 218.995 1183.48
259) 3d:4.42524 1.315 -8.03765      2d: 188.544 660.558
260) 3d:3.3937 -0.285889 -8.74993      2d: 339.541 854.637
261) 3d:-1.01948 -3.99284 -12.1821      2d: 776.997 1148.66
262) 3d:3.13604 0.571972 -8.78652      2d: 369.592 757.682
263) 3d:3.77986 -1.27572 -8.60123      2d: 290.501 968.979
264) 3d:3.35966 -0.388701 -8.77892      2d: 344.286 866.087
265) 3d:3.33654 0.757961 -8.55456      2d: 339.856 734.325
266) 3d:4.03647 1.03336 -8.19217      2d: 243.39 697.543
267) 3d:3.61132 -4.42294 -9.14119      2d: 327.92 1302.3
268) 3d:4.56438 0.253499 -8.16288      2d: 178.168 791.586
269) 3d:3.9734 0.887743 -8.19503      2d: 251.144 714.943
270) 3d:4.10373 0.498278 -8.23305      2d: 237.163 762.269
271) 3d:4.53253 -0.507144 -8.27549      2d: 187.851 882.862
272) 3d:3.29822 -0.476987 -8.85606      2d: 353.478 875.456
273) 3d:4.04726 2.04908 -8.03356      2d: 234.778 569.955
274) 3d:2.91784 -4.20502 -9.19678      2d: 404.552 1276
275) 3d:4.16732 2.18231 -7.991      2d: 217.934 552.304
276) 3d:4.46181 0.55882 -8.19317      2d: 192.116 754.656
277) 3d:4.73037 -0.226598 -8.21358      2d: 160.837 849.441
278) 3d:3.58378 -1.7318 -8.81853      2d: 320.434 1016.59
279) 3d:3.18676 1.45644 -8.57675      2d: 357.737 653.966
280) 3d:3.85224 -3.73959 -8.89178      2d: 293.089 1239.66
281) 3d:3.21447 0.857 -8.60508      2d: 355.471 723.649
282) 3d:4.29524 -0.129835 -8.24751      2d: 214.885 837.831
283) 3d:2.98684 -4.16618 -9.229      2d: 397.855 1270.51
284) 3d:3.76998 -4.19822 -9.01915      2d: 306.655 1284.41
285) 3d:3.5879 -0.245871 -8.5847      2d: 311.935 850.521
286) 3d:3.14236 -0.771691 -9.02914      2d: 375.545 906.962
287) 3d:4.082 0.102576 -8.32928      2d: 244.072 810.598
288) 3d:3.28444 -0.572414 -8.86268      2d: 355.224 886.08
289) 3d:4.16247 0.539397 -8.21837      2d: 229.427 757.253
290) 3d:4.6588 0.388499 -8.08582      2d: 162.53 775.089
291) 3d:3.26409 0.797306 -8.6544      2d: 351.244 730.872
292) 3d:4.40349 0.382245 -8.20163      2d: 199.591 776.077
293) 3d:4.10156 -1.78519 -8.49447      2d: 249.023 1030.46
294) 3d:3.61356 -4.39218 -9.14017      2d: 327.622 1298.81
295) 3d:3.76627 -4.04821 -8.95742      2d: 304.965 1270.89
296) 3d:3.71829 1.88443 -8.1943      2d: 281.796 594.601
297) 3d:4.31229 -0.397275 -8.3557      2d: 217.96 869.097
298) 3d:0.583049 -3.35088 -15.4925      2d: 638.347 1038.76
299) 3d:4.53679 0.45876 -8.10175      2d: 178.297 766.809
300) 3d:3.97302 2.07292 -8.05146      2d: 244.716 567.77
301) 3d:4.24944 -2.16965 -8.54887      2d: 234.173 1073.52
302) 3d:4.26036 -3.14409 -8.64633      2d: 237.227 1182.92
303) 3d:4.23005 -0.250242 -8.28383      2d: 224.41 852.299
304) 3d:4.02647 1.03714 -8.18631      2d: 244.337 696.831
305) 3d:3.93884 -1.45783 -8.55841      2d: 270.502 990.573
306) 3d:3.97547 0.455799 -8.28524      2d: 254.822 767.74
307) 3d:3.29701 2.07854 -8.35237      2d: 337.835 576.029
308) 3d:4.51191 -0.0657002 -8.26196      2d: 189.61 830.058
309) 3d:3.38783 -0.159529 -8.72039      2d: 339.285 840.787
310) 3d:3.15905 2.29508 -8.36862      2d: 354.636 550.819
311) 3d:4.21833 2.30374 -7.91192      2d: 207.668 534.229
312) 3d:3.19689 2.03889 -8.39102      2d: 350.893 581.791
313) 3d:2.57473 -4.07528 -10.2153      2d: 458.419 1218.44
314) 3d:4.46506 -0.0767531 -8.24138      2d: 194.193 831.41
315) 3d:4.84102 -0.768879 -8.2819      2d: 151.329 914.5
316) 3d:4.2919 0.583679 -8.19508      2d: 212.723 751.697
317) 3d:3.91898 0.882207 -8.18998      2d: 257.5 715.684
318) 3d:4.82454 -2.23377 -8.42944      2d: 161.271 1084.78
319) 3d:-0.102972 -4.19558 -10.2465      2d: 719.095 1228.83
320) 3d:4.20779 2.12149 -7.91405      2d: 209.106 557.327
321) 3d:4.83318 -0.741887 -8.27259      2d: 151.745 911.151
322) 3d:3.22814 1.62099 -8.47844      2d: 349.97 633.041
323) 3d:3.95808 0.196481 -8.33422      2d: 258.99 798.944
324) 3d:2.9141 1.96338 -8.6864      2d: 391.901 598.37
325) 3d:3.14489 0.434206 -8.81062      2d: 369.271 773.274
326) 3d:4.86318 -0.827349 -8.27106      2d: 148.072 921.341
327) 3d:4.44536 -0.0659809 -8.23426      2d: 196.203 830.111
328) 3d:4.56053 -0.932288 -8.32468      2d: 187.024 933.152
329) 3d:4.66295 -2.21933 -8.45777      2d: 181.71 1082.4
330) 3d:2.98969 2.13575 -8.53574      2d: 379.271 574.62
331) 3d:3.82684 -2.79743 -8.81775      2d: 293.194 1136.84
332) 3d:4.00765 1.8034 -8.0368      2d: 239.823 600.441
333) 3d:3.6913 2.02362 -8.12235      2d: 282.177 575.79
334) 3d:3.459 -2.71224 -9.05402      2d: 341.757 1119.46
335) 3d:4.79061 0.0970191 -8.2139      2d: 153.597 810.855
336) 3d:4.35339 1.40974 -8.07462      2d: 199.247 649.451
337) 3d:2.97556 -4.15584 -9.25426      2d: 399.635 1268.1
338) 3d:3.50552 -4.2316 -9.07434      2d: 337.423 1284.96
339) 3d:4.02515 -0.00789081 -8.37952      2d: 252.976 823.38
340) 3d:4.58985 -0.142605 -8.24084      2d: 179.193 839.634
341) 3d:4.21059 0.551702 -8.19543      2d: 222.557 755.553
342) 3d:4.02356 1.81961 -8.04942      2d: 238.442 598.706
343) 3d:1.64233 -4.08034 -10.1806      2d: 549.033 1220.22
344) 3d:3.19098 -0.268891 -8.87801      2d: 366.046 851.89
345) 3d:4.26055 -0.531727 -8.34068      2d: 223.417 885.302
346) 3d:4.57212 -0.760468 -8.31643      2d: 185.221 912.868
347) 3d:4.35562 -0.517317 -8.37262      2d: 213.638 883.344
348) 3d:3.70635 2.03174 -8.12283      2d: 280.363 574.784
349) 3d:3.87732 -4.075 -8.70049      2d: 283.258 1286.48
350) 3d:4.38844 2.14826 -7.91904      2d: 186.818 553.961
351) 3d:3.45456 -2.31532 -8.95345      2d: 339.174 1078.42
352) 3d:3.87083 -3.23514 -9.09616      2d: 298.062 1174.68
353) 3d:3.58066 -4.22796 -9.1124      2d: 330.38 1282.8
354) 3d:4.1707 0.625406 -8.23183      2d: 229.05 747.06
355) 3d:2.76895 -4.09628 -10.2485      2d: 440.093 1219.56
356) 3d:4.7865 0.326781 -8.15312      2d: 150.704 782.69
357) 3d:1.30718 -3.96271 -12.1449      2d: 586.536 1147.35
358) 3d:0.644507 -3.80128 -14.1867      2d: 636.618 1090.09
359) 3d:3.31283 -0.846547 -8.85896      2d: 351.975 916.703
360) 3d:4.03275 -4.0666 -8.80083      2d: 269.475 1280.72
361) 3d:-0.0190348 -4.04863 -9.78459      2d: 715.596 1233.02
362) 3d:4.53205 1.61002 -8.05569      2d: 176.355 624.555
363) 3d:4.34595 -0.534142 -8.31022      2d: 211.836 885.885
364) 3d:4.60934 -2.35121 -8.46381      2d: 188.301 1097.72
365) 3d:4.55417 1.89836 -7.96686      2d: 168.802 586.743
366) 3d:3.7322 -2.6658 -8.76701      2d: 302.075 1123.88
367) 3d:3.28022 -0.388527 -8.79544      2d: 353.736 865.924
368) 3d:1.04239 -3.98762 -12.2202      2d: 608.265 1147.19
369) 3d:-0.886984 -3.97164 -10.1289      2d: 797.431 1211.62
370) 3d:3.69902 -0.387952 -8.56139      2d: 298.28 866.919
371) 3d:3.18394 2.0241 -8.3948      2d: 352.538 583.58
372) 3d:4.407 -1.84383 -8.50039      2d: 213.646 1036.9
373) 3d:3.87135 -3.80923 -8.89464      2d: 291.061 1247.3
374) 3d:4.0417 -0.00433217 -8.35325      2d: 249.894 822.769
375) 3d:4.59727 0.406101 -8.16534      2d: 174.303 772.998
376) 3d:4.14513 -0.268843 -8.30558      2d: 235.53 854.157
377) 3d:4.40195 -0.736367 -8.41857      2d: 210.354 908.816
378) 3d:3.14074 0.70636 -8.77995      2d: 368.853 742.161
379) 3d:3.23661 -0.51761 -8.94088      2d: 362.747 879.623
380) 3d:3.805 -3.37511 -8.849      2d: 296.821 1200.67
381) 3d:1.81965 0.635093 -8.96999      2d: 519.975 751.743
382) 3d:4.1962 2.08014 -7.977      2d: 213.678 565.041
383) 3d:3.87802 0.238928 -8.36097      2d: 269.581 793.942
384) 3d:-1.08865 -3.34562 -15.6821      2d: 744.368 1036.26
385) 3d:3.6879 1.90087 -8.27606      2d: 288.647 595.001
386) 3d:3.67137 2.03739 -8.15971      2d: 286.081 575.128
387) 3d:3.42882 2.1132 -8.27364      2d: 319.496 569.442
388) 3d:4.80102 0.322872 -8.15827      2d: 149.232 783.202
389) 3d:4.68911 1.87983 -7.93392      2d: 150.184 588.127
390) 3d:4.44811 0.182417 -8.22911      2d: 195.601 800.282
391) 3d:4.65447 -2.42993 -8.45221      2d: 182.399 1106.79
392) 3d:3.03925 1.58933 -8.66121      2d: 377.028 640.469
393) 3d:4.56935 1.88914 -7.9492      2d: 165.942 587.218
394) 3d:3.80643 -0.524736 -8.49728      2d: 283.438 883.356
395) 3d:3.63152 -0.852878 -8.5122      2d: 304.392 921.105
396) 3d:3.77935 0.806809 -8.31066      2d: 279.224 726.675
397) 3d:3.10585 -4.18712 -9.19847      2d: 384.263 1273.9
398) 3d:3.03013 -4.27132 -9.20282      2d: 392.564 1282.84
399) 3d:3.73376 0.179425 -8.40734      2d: 288.442 801.003
400) 3d:4.59802 0.42109 -8.16931      2d: 174.421 771.203
401) 3d:3.9039 -0.19305 -8.41471      2d: 268.744 844.993
402) 3d:4.16254 -0.464011 -8.35592      2d: 235.727 877.13
403) 3d:4.07671 1.42635 -8.09952      2d: 234.275 648.157
404) 3d:4.63803 1.91591 -7.99473      2d: 159.964 585.487
405) 3d:-4.4779 -1.37436 -24.5623      2d: 833.836 880.134
406) 3d:3.616 2.03457 -8.1246      2d: 291.429 574.662
407) 3d:2.5395 -4.18766 -8.97663      2d: 441.424 1285.26
408) 3d:4.43947 0.614188 -8.17505      2d: 193.894 747.712
409) 3d:4.17884 0.987679 -8.20096      2d: 226.613 703.167
410) 3d:4.81738 -2.17518 -8.41208      2d: 161.206 1078.64
411) 3d:4.1418 -0.273697 -8.37814      2d: 239.154 854.649
412) 3d:4.27686 -0.633636 -8.34199      2d: 221.552 897.485
413) 3d:4.15319 0.968938 -8.20698      2d: 229.985 705.469
414) 3d:-0.477983 -4.04227 -11.2513      2d: 742.676 1179.38
415) 3d:4.06357 1.67475 -8.05321      2d: 233.717 616.365
416) 3d:3.88034 -1.10204 -8.64624      2d: 280.623 948.421
417) 3d:1.54314 -4.06739 -10.2594      2d: 559.148 1216.17
418) 3d:3.38954 1.01754 -8.50711      2d: 332.149 703.646
419) 3d:4.65544 1.88612 -7.91827      2d: 153.482 586.706
420) 3d:0.329224 -3.52856 -15.0804      2d: 655.915 1056.51
421) 3d:2.22732 -4.30305 -8.96828      2d: 475.886 1298.35
422) 3d:3.8662 -0.62024 -8.49588      2d: 276.419 894.326
423) 3d:3.5301 0.383306 -8.48748      2d: 315.194 777.205
424) 3d:1.05375 -0.656545 -8.77861      2d: 604.925 895.746
425) 3d:3.55861 -1.86551 -8.68521      2d: 318.885 1034.62
426) 3d:4.51243 -0.430435 -8.264      2d: 189.681 874.054
427) 3d:-1.74892 -4.16625 -8.99328      2d: 916.444 1281.43
428) 3d:4.57179 -2.45301 -8.48419      2d: 193.698 1108.92
429) 3d:1.89924 -3.9116 -9.59956      2d: 518.643 1226.64
430) 3d:3.98788 1.2958 -8.17353      2d: 248.412 665.252
431) 3d:4.00658 1.77905 -8.03121      2d: 239.7 603.444
432) 3d:0.773833 -3.84462 -12.5944      2d: 629.598 1126.73
433) 3d:1.18544 -4.05958 -10.2511      2d: 593.85 1215.81
434) 3d:3.46227 -2.35133 -8.97018      2d: 338.842 1082.12
435) 3d:2.93057 1.64789 -8.7053      2d: 390.554 634.655
436) 3d:4.47586 -0.383697 -8.25498      2d: 193.591 868.028
437) 3d:3.28771 2.13708 -8.31133      2d: 337.597 567.688
438) 3d:4.70846 -0.291858 -8.2065      2d: 163.103 857.535
439) 3d:3.76134 0.216699 -8.4066      2d: 285.162 796.648
440) 3d:3.58356 -1.09984 -8.7646      2d: 318.634 946.846
441) 3d:1.21883 -4.01806 -10.3563      2d: 590.778 1207.55
442) 3d:3.91742 2.0071 -8.0521      2d: 251.576 575.453
443) 3d:3.55923 2.03761 -8.27314      2d: 303.897 578.236
444) 3d:0.978865 -1.48195 -8.96781      2d: 613.582 985.496
445) 3d:3.71816 -2.76464 -8.83529      2d: 306.027 1132.59
446) 3d:3.7944 0.397919 -8.3742      2d: 279.981 775.073
447) 3d:-0.27129 -4.19316 -8.67019      2d: 757.943 1301.27
448) 3d:3.77508 -1.61137 -8.67801      2d: 293.877 1005.75
449) 3d:4.34075 1.72287 -8.01799      2d: 197.905 609.719
450) 3d:4.56853 2.23522 -7.90974      2d: 163.83 543.069
451) 3d:4.41932 2.02128 -7.93953      2d: 184.067 570.62
452) 3d:3.84741 2.15165 -8.05441      2d: 260.255 558.139
453) 3d:0.964234 -3.83268 -13.781      2d: 614.226 1099.85
454) 3d:2.88119 2.36702 -8.67955      2d: 395.41 551.895
455) 3d:1.64189 -4.10058 -9.89876      2d: 547.333 1233.57
456) 3d:1.25406 -1.84951 -8.85539      2d: 582.819 1028.44
457) 3d:4.27001 -2.09511 -8.50935      2d: 230.057 1066.34
458) 3d:4.01675 0.106639 -8.35104      2d: 252.747 809.648
459) 3d:0.927524 -4.02769 -10.416      2d: 618.775 1206.65
460) 3d:1.89664 -3.96554 -9.65339      2d: 519.443 1230.08
461) 3d:3.11689 -0.294507 -8.93446      2d: 375.817 854.793
462) 3d:4.43451 1.73153 -8.00787      2d: 185.816 608.46
463) 3d:3.65249 -0.453422 -8.55363      2d: 303.396 874.536
464) 3d:1.36535 -3.99873 -11.6934      2d: 580.637 1162.71
465) 3d:3.10602 1.31646 -8.60329      2d: 367.823 670.339
466) 3d:2.89774 2.38091 -8.59764      2d: 391.467 548.103
467) 3d:2.79811 2.35065 -8.67953      2d: 404.888 553.975
468) 3d:4.61977 -0.433176 -8.24742      2d: 175.949 874.167
469) 3d:0.306205 -4.03053 -11.2298      2d: 673.325 1179.08
470) 3d:3.3868 -3.92579 -9.15441      2d: 352.657 1247.78
471) 3d:4.37746 -0.673818 -8.34875      2d: 209.937 902.212
472) 3d:3.747 2.25932 -7.99045      2d: 269.882 542.777
473) 3d:4.44888 -0.58148 -8.33687      2d: 200.875 891.197
474) 3d:4.2174 0.0780888 -8.28799      2d: 226.084 812.94
475) 3d:2.02661 -4.07642 -9.71877      2d: 506.777 1238.76
476) 3d:4.04813 -1.59508 -8.58507      2d: 258.975 1006.5
477) 3d:4.44851 1.94422 -7.94747      2d: 180.865 580.462
478) 3d:-0.959582 2.09791 -23.7186      2d: 693.177 736.206
479) 3d:3.03893 1.44305 -8.60863      2d: 375.671 656.001
480) 3d:4.4978 -1.74375 -8.52562      2d: 204.242 1024.48
481) 3d:3.60562 -3.27153 -9.05235      2d: 325.677 1180.67
482) 3d:3.68552 -0.534415 -8.53275      2d: 298.813 883.8
483) 3d:2.87669 1.31386 -8.84168      2d: 400.023 675.022
484) 3d:3.71401 2.27098 -8.00751      2d: 274.673 541.796
485) 3d:4.19096 -0.169996 -8.32603      2d: 230.985 842.289
486) 3d:4.47553 1.80771 -7.97127      2d: 178.794 597.953
487) 3d:4.77885 -0.558027 -8.26524      2d: 157.836 889.089
488) 3d:4.29694 -2.03282 -8.51468      2d: 227.148 1058.82
489) 3d:3.83732 -0.619644 -8.50852      2d: 280.277 894.236
490) 3d:0.996227 -4.03711 -12.001      2d: 612.064 1157.25
491) 3d:2.42224 -4.23954 -9.06438      2d: 455.897 1286.18
492) 3d:4.59435 1.75389 -8.00113      2d: 165.722 605.699
493) 3d:2.85209 1.7651 -8.80471      2d: 401.83 623.719
494) 3d:-0.896203 -3.55824 -15.3983      2d: 734.371 1053.37
495) 3d:3.58529 1.79181 -8.12997      2d: 295.402 603.767
496) 3d:2.36736 -4.35052 -8.95277      2d: 460.115 1304.53
497) 3d:4.50854 0.527139 -8.1757      2d: 185.58 758.433
498) 3d:4.42041 -0.278003 -8.28336      2d: 201.642 855.639
499) 3d:2.83768 1.61559 -8.81384      2d: 403.691 640.668
500) 3d:3.78799 0.380838 -8.37594      2d: 280.808 777.008
501) 3d:0.967021 -1.20147 -9.00082      2d: 614.777 953.515
502) 3d:3.27474 1.59177 -8.41859      2d: 342.657 635.297
503) 3d:4.44067 0.648809 -8.13696      2d: 191.813 743.213
504) 3d:4.50164 -2.89754 -8.56965      2d: 205.976 1157.73
505) 3d:0.0567283 -4.01397 -13.6044      2d: 680.823 1116.88
506) 3d:4.47599 -0.505008 -8.34544      2d: 198.064 881.866
507) 3d:4.38615 0.0439232 -8.23798      2d: 203.495 816.911
508) 3d:4.49829 0.430934 -8.23809      2d: 190.004 770.316
509) 3d:4.54757 -0.667108 -8.30184      2d: 187.401 901.865
510) 3d:-1.08499 0.317839 -24.185      2d: 696.988 811.774
511) 3d:3.19715 -0.885355 -9.01326      2d: 369.123 919.643
512) 3d:3.48519 0.87057 -8.50385      2d: 320.926 720.653
513) 3d:3.75314 -0.158655 -8.57928      2d: 292.658 840.599
514) 3d:-0.00818066 -4.06447 -12.2558      2d: 693.721 1152.4
515) 3d:2.70706 2.22719 -8.76381      2d: 417.162 570.363
516) 3d:3.87591 2.29937 -8.01185      2d: 254.879 538.375
517) 3d:3.92894 2.18544 -7.98379      2d: 247.085 551.876
518) 3d:3.63285 -4.23886 -9.20009      2d: 327.426 1279.87
519) 3d:3.56138 -3.37519 -9.09686      2d: 331.902 1190.22
520) 3d:-0.200605 -4.03206 -11.2432      2d: 718.192 1178.96
521) 3d:2.66749 -4.17219 -8.80284      2d: 423.63 1292.45
522) 3d:-0.00246192 -3.957 -12.4592      2d: 691.93 1139
523) 3d:-1.6332 -3.96716 -10.2262      2d: 868.414 1207.42
524) 3d:-0.219512 -4.06108 -10.4869      2d: 727.683 1207.03
525) 3d:1.20184 -1.69161 -8.8537      2d: 588.648 1011.04
526) 3d:3.07855 -4.08828 -10.5415      2d: 415.616 1208.04
527) 3d:-0.394791 -4.02629 -8.78149      2d: 770.066 1276.65
528) 3d:3.49513 0.344079 -8.62801      2d: 324.005 783.07
529) 3d:4.14391 1.59404 -8.06392      2d: 224.371 626.517
530) 3d:1.41783 -3.88304 -12.733      2d: 579 1126.39
531) 3d:1.01903 -4.08964 -8.22313      2d: 609.719 1314.79
532) 3d:4.09482 1.95548 -8.04233      2d: 229.346 581.824
533) 3d:4.24733 -2.03157 -8.5594      2d: 234.884 1057.46
534) 3d:3.92727 0.719269 -8.21645      2d: 257.648 735.77
535) 3d:-0.0262872 -3.91355 -12.4266      2d: 694.031 1136.14
536) 3d:3.86528 0.50003 -8.3443      2d: 270.387 762.851
537) 3d:3.66128 -1.11195 -8.65835      2d: 306.149 949.119
538) 3d:3.86144 2.30488 -7.97595      2d: 255.084 536.452
539) 3d:4.68139 0.0488256 -8.18784      2d: 165.344 816.294
540) 3d:4.44077 -0.981869 -8.21028      2d: 195.611 940.622
541) 3d:2.29475 -4.20506 -9.21497      2d: 472.171 1274.94
542) 3d:4.69794 -0.552542 -8.25547      2d: 167.002 888.405
543) 3d:4.26034 1.94857 -8.00648      2d: 207.224 581.907
544) 3d:2.74785 -3.96908 -10.493      2d: 446.025 1198.17
545) 3d:2.97991 1.95177 -8.60929      2d: 382.391 597.726
546) 3d:4.725 -1.88182 -8.32482      2d: 167.511 1046.31
547) 3d:4.70835 -0.167651 -8.20427      2d: 162.982 842.319
548) 3d:0.990082 -1.07978 -8.94238      2d: 612.213 941
549) 3d:-0.615981 -3.96758 -10.3818      2d: 766.882 1201.79
550) 3d:3.18254 2.32371 -8.32902      2d: 350.634 545.973
551) 3d:2.77571 -4.11085 -9.4406      2d: 424.803 1254.4
552) 3d:2.90118 2.34125 -8.57974      2d: 390.622 552.243
553) 3d:-1.43556 -4.01693 -12.0074      2d: 813.954 1155.04
554) 3d:2.05693 0.697978 -8.89688      2d: 492.765 743.998
555) 3d:4.88838 -2.78239 -8.65865      2d: 165.794 1140.81
556) 3d:3.74405 -3.16969 -9.08307      2d: 311.487 1168.27
557) 3d:2.95601 1.95995 -8.55815      2d: 383.798 595.354
558) 3d:4.06591 -1.40965 -8.52193      2d: 254.296 986.155
559) 3d:4.47517 -0.603229 -8.29158      2d: 195.52 894.246
560) 3d:4.4608 -0.505647 -8.35511      2d: 200.334 881.803
561) 3d:0.630237 -4.0366 -10.466      2d: 647.019 1205.52
562) 3d:3.60602 -0.782158 -8.71324      2d: 314.321 911.223
563) 3d:4.40868 -0.181254 -8.27183      2d: 202.466 843.854
564) 3d:3.66221 -3.36744 -8.99328      2d: 317.588 1193.74
565) 3d:1.0078 -4.21224 -8.31375      2d: 611.124 1324.28
566) 3d:0.349079 -4.07232 -12.1259      2d: 665.241 1156.62
567) 3d:4.6243 -3.0716 -8.62825      2d: 194.616 1175.47
568) 3d:2.81707 -2.90325 -9.51961      2d: 421.863 1125.11
569) 3d:1.98065 -4.02796 -10.3492      2d: 517.497 1208.83
570) 3d:3.20106 1.96933 -8.45017      2d: 352.22 591.691
571) 3d:4.30241 -0.302517 -8.32532      2d: 217.71 858.052
572) 3d:0.00937713 -4.01193 -11.342      2d: 698.785 1173.9
573) 3d:3.01153 1.3063 -8.7043      2d: 381.379 673.676
574) 3d:3.10991 2.1696 -8.48271      2d: 363.803 569.303
575) 3d:4.13278 -1.89533 -8.4953      2d: 245.399 1042.9
576) 3d:4.13407 0.191105 -8.28551      2d: 235.912 799.348
577) 3d:3.67896 2.34207 -8.01821      2d: 279.43 533.055
578) 3d:4.95551 -2.77046 -8.45953      2d: 147.544 1147.06
579) 3d:4.8876 -2.31871 -8.47084      2d: 156.054 1093.12
580) 3d:1.82597 -3.65403 -9.32376      2d: 523.66 1210.7
581) 3d:3.72089 -3.32525 -8.89696      2d: 307.865 1192.84
582) 3d:3.08106 1.40884 -8.65449      2d: 372.095 661.229
583) 3d:2.08332 -4.03158 -11.4647      2d: 517.676 1172.28
584) 3d:4.7096 -3.89668 -8.55774      2d: 181.314 1273.65
585) 3d:3.81239 -3.29969 -8.87559      2d: 296.92 1191.08
586) 3d:2.64542 -4.25322 -8.77401      2d: 425.529 1303.14
587) 3d:2.68066 -4.21055 -8.95639      2d: 425.371 1288.74
588) 3d:4.42285 -0.482072 -8.41532      2d: 207.726 878.945
589) 3d:4.8766 -1.84067 -8.40802      2d: 154.001 1039.26
590) 3d:3.5172 0.500406 -8.57575      2d: 319.691 764.24
591) 3d:3.00902 1.3216 -8.75245      2d: 382.913 672.925
592) 3d:2.97987 -4.10944 -9.30855      2d: 400.379 1260.38
593) 3d:4.77842 0.277667 -8.15395      2d: 151.729 788.517
594) 3d:4.03305 -2.87982 -8.67983      2d: 264.63 1151.44
595) 3d:-1.23711 -3.94146 -10.2281      2d: 829.717 1204.57
596) 3d:4.76979 -3.06438 -8.67741      2d: 180.323 1172.57
597) 3d:3.6244 0.426667 -8.48759      2d: 304.193 772.251
598) 3d:3.28086 2.01146 -8.35339      2d: 339.79 583.842
599) 3d:4.36719 -0.306768 -8.25943      2d: 206.839 858.932
600) 3d:3.86117 -2.70335 -8.76433      2d: 287.362 1127.91
601) 3d:4.74391 -0.179186 -8.19706      2d: 158.309 844.022
602) 3d:2.35833 -4.07567 -10.6585      2d: 484.959 1202.4
603) 3d:3.15327 -0.158784 -8.96571      2d: 372.595 839.981
604) 3d:3.53892 -0.787105 -8.69418      2d: 321.322 911.845
605) 3d:2.6979 2.103 -8.74404      2d: 417.789 584.158
606) 3d:0.430194 -3.98675 -11.2982      2d: 662.03 1173.43
607) 3d:2.12838 -4.40753 -8.96969      2d: 486.901 1309.91
608) 3d:-0.0763087 -4.08217 -11.1414      2d: 708.06 1186.65
609) 3d:3.29504 -4.13562 -9.74917      2d: 377.756 1243.97
610) 3d:4.7828 -1.82553 -8.2309      2d: 155.545 1042.29
611) 3d:2.91804 1.16654 -8.85471      2d: 395.732 691.85
612) 3d:-0.394266 -4.03427 -10.6048      2d: 742.807 1200.27
613) 3d:3.86397 -2.64777 -8.77644      2d: 287.499 1121.43
614) 3d:4.66121 -2.79137 -8.59054      2d: 188.512 1144.37
615) 3d:2.0922 -3.61944 -9.35994      2d: 495.709 1205.61
616) 3d:2.84131 1.69101 -8.80223      2d: 402.998 632.085
617) 3d:3.33115 0.460779 -8.63223      2d: 342.939 769.297
618) 3d:4.45851 0.387295 -8.18532      2d: 192.131 775.456
619) 3d:3.70943 -1.07135 -8.63143      2d: 299.688 945.208
620) 3d:4.33832 -0.410594 -8.31094      2d: 212.771 871.153
621) 3d:2.77073 1.83219 -8.7962      2d: 410.776 615.808
622) 3d:4.37143 -2.6852 -8.46911      2d: 216.435 1136.75
623) 3d:3.54351 2.16664 -8.09155      2d: 298.974 557.69
624) 3d:1.3014 -4.09093 -10.0219      2d: 581.933 1227.66
625) 3d:3.26281 -1.80259 -9.01758      2d: 362.138 1020.3
626) 3d:0.523855 -3.93624 -12.5589      2d: 649.499 1134.72
627) 3d:-0.667885 -3.93119 -10.4091      2d: 771.445 1197.48
628) 3d:4.69233 1.81341 -8.00704      2d: 153.953 598.339
629) 3d:3.12188 1.97799 -8.63484      2d: 366.781 595.614
630) 3d:3.67988 2.12169 -8.18443      2d: 286.014 565.634
631) 3d:3.00484 1.69462 -8.51948      2d: 377.149 625.215
632) 3d:2.94435 -4.09333 -10.6049      2d: 429.356 1206.08
633) 3d:4.04249 -0.151844 -8.35483      2d: 249.883 840.274
634) 3d:4.11184 -2.49227 -8.64796      2d: 254.282 1107.98
635) 3d:4.16162 1.62246 -8.06095      2d: 222.058 623.106
636) 3d:1.91747 -4.04142 -10.6833      2d: 526.315 1198.32
637) 3d:0.548702 -3.97581 -11.2845      2d: 651.613 1172.73
638) 3d:4.86987 -3.13125 -8.53883      2d: 161.768 1186.03
639) 3d:3.9886 -1.31449 -8.56439      2d: 264.991 974.392
640) 3d:3.2768 -2.5778 -9.04905      2d: 361.548 1104.37
641) 3d:4.46483 0.0116571 -8.23743      2d: 194.02 820.845
642) 3d:0.721167 -4.00799 -10.3656      2d: 638.639 1206.68
643) 3d:1.65379 -3.9788 -12.1116      2d: 557.96 1149.5
644) 3d:4.54031 -2.60143 -8.49506      2d: 197.897 1125.71
645) 3d:3.78555 -2.28172 -8.74156      2d: 295.074 1080.94
646) 3d:3.1091 2.02901 -8.52584      2d: 365.162 586.715
647) 3d:1.1968 -4.01737 -10.5357      2d: 593.198 1200.94
648) 3d:4.08168 -2.91673 -8.77464      2d: 262.82 1151.66
649) 3d:1.35316 0.0986423 -8.83518      2d: 571.111 810.574
650) 3d:-4.89504 -3.38943 -11.2309      2d: 1135.2 1122.19
651) 3d:1.36923 -4.01786 -9.34783      2d: 572.607 1248.82
652) 3d:3.97899 -3.22234 -8.82121      2d: 276.234 1184.47
653) 3d:-1.53771 -3.8707 -10.4229      2d: 854.386 1190.78
654) 3d:4.03764 -2.91498 -8.69848      2d: 264.841 1154.66
655) 3d:2.85093 2.01669 -8.6902      2d: 399.184 592.547
656) 3d:2.18467 0.792908 -8.99875      2d: 479.994 734.377
657) 3d:3.90634 -1.2362 -8.6208      2d: 276.69 964.442
658) 3d:4.24205 1.75773 -8.04956      2d: 211.624 606.187
659) 3d:3.03153 1.4044 -8.64425      2d: 377.489 661.43
660) 3d:4.69026 -2.63139 -8.32997      2d: 171.947 1135.5
661) 3d:1.55715 0.285182 -8.83314      2d: 548.136 789.609
662) 3d:4.57277 -0.195048 -8.23721      2d: 181.052 845.698
663) 3d:2.93333 2.11695 -8.60594      2d: 387.63 578.849
664) 3d:2.88963 1.99097 -8.47422      2d: 389.314 589.934
665) 3d:-1.44702 -3.96076 -8.53148      2d: 897.553 1282.24
666) 3d:3.77083 -1.46693 -8.60971      2d: 291.886 991.112
667) 3d:4.69545 -1.81335 -8.48499      2d: 179.249 1033.85
668) 3d:3.40327 -4.90368 -9.27262      2d: 354.249 1347.02
669) 3d:4.10146 2.14861 -8.01287      2d: 227.121 557.356
670) 3d:3.55125 1.84497 -8.07259      2d: 297.346 595.853
671) 3d:1.24377 -3.94546 -12.3063      2d: 591.975 1141.58
672) 3d:-0.738873 -4.07021 -11.1627      2d: 767.021 1184.61
673) 3d:-1.16501 -4.21955 -8.89821      2d: 854.29 1292.16
674) 3d:3.47196 2.10312 -8.22988      2d: 312.777 569.196
675) 3d:-0.424794 -4.13348 -8.55104      2d: 777.837 1300.93
676) 3d:4.43897 -0.478439 -8.30092      2d: 200.295 879.347
677) 3d:-0.156208 -4.01575 -8.64252      2d: 745.102 1282.51
678) 3d:3.00385 1.84788 -8.53863      2d: 377.756 607.669
679) 3d:3.61148 0.252652 -8.56872      2d: 308.59 792.891
680) 3d:0.494459 -4.11097 -11.5272      2d: 655.518 1177.63
681) 3d:3.65642 -3.44974 -8.98806      2d: 318.07 1203.09
682) 3d:3.10304 1.83302 -8.56561      2d: 367.025 610.354
683) 3d:1.61518 0.285265 -8.83402      2d: 541.619 789.413
684) 3d:3.09713 1.94174 -8.38738      2d: 362.566 592.853
685) 3d:3.53257 0.529416 -8.59601      2d: 318.595 760.985
686) 3d:0.168428 -4.09515 -11.173      2d: 685.963 1186.85
687) 3d:4.19498 -0.696042 -8.29979      2d: 229.361 905.246
688) 3d:3.19543 0.800021 -8.65225      2d: 359.042 730.725
689) 3d:1.90674 -4.12945 -9.10684      2d: 512.876 1271.86
690) 3d:2.89694 2.06214 -8.61219      2d: 391.983 585.16
691) 3d:4.77141 0.422861 -8.13692      2d: 151.626 770.891
692) 3d:0.995434 -4.13745 -9.15364      2d: 612.437 1270.48
693) 3d:3.12436 1.90833 -8.39303      2d: 359.527 597.032
694) 3d:3.75396 -2.92785 -8.85025      2d: 302.542 1150.37
695) 3d:4.01378 -3.53609 -8.75648      2d: 269.861 1222.75
696) 3d:2.42918 -4.11123 -10.2041      2d: 472.472 1222.65
697) 3d:3.77432 1.99624 -8.14139      2d: 272.859 579.479
698) 3d:4.20018 -1.62276 -8.49867      2d: 237.696 1011.63
699) 3d:1.407 -3.9456 -12.1353      2d: 578.322 1146.24
700) 3d:2.65604 2.02915 -8.75065      2d: 422.684 592.378
701) 3d:2.80616 0.857343 -8.94514      2d: 410.341 727.59
702) 3d:0.614378 -3.93955 -8.20375      2d: 658.734 1297.7
703) 3d:4.56749 -1.82595 -8.44766      2d: 192.374 1036.39
704) 3d:1.6861 -4.43635 -8.92607      2d: 535.574 1315.32
705) 3d:-0.355299 -3.8603 -12.6734      2d: 718.295 1125.92
706) 3d:-4.87351 -2.96783 -11.1876      2d: 1135.11 1085.76
707) 3d:2.0975 -4.15553 -9.5181      2d: 497.207 1255.84
708) 3d:-1.1062 -3.8202 -12.5283      2d: 779.269 1125.77
709) 3d:3.86574 -3.07142 -8.90545      2d: 291.986 1164.22
710) 3d:3.85968 -3.65004 -8.87496      2d: 291.62 1230.06
711) 3d:3.41627 -5.04095 -9.34983      2d: 354.998 1357.41
712) 3d:4.1467 2.07598 -8.00875      2d: 221.35 566.058
713) 3d:2.83639 -4.16651 -10.2245      2d: 433.135 1227.22
714) 3d:3.81052 -0.966278 -7.69486      2d: 249.093 946
715) 3d:3.26194 -3.25623 -9.23089      2d: 368.137 1172.15
716) 3d:1.44335 -4.09432 -9.14299      2d: 563.677 1266.3
717) 3d:-1.42319 -2.69838 -15.9002      2d: 763.397 992.503
718) 3d:3.25129 -3.56259 -9.65789      2d: 379.945 1188.35
719) 3d:3.66384 -2.85551 -8.88868      2d: 313.921 1140.87
720) 3d:4.0226 1.38561 -8.1294      2d: 242.232 653.937
721) 3d:0.959837 -4.14786 -9.11873      2d: 616.351 1273.55
722) 3d:2.85426 2.10425 -8.62192      2d: 397.121 580.776
723) 3d:1.62801 -4.27276 -8.39757      2d: 537.601 1325.78
724) 3d:3.87294 0.293938 -8.36585      2d: 270.375 787.488
725) 3d:-0.0923449 -4.22504 -9.92475      2d: 721.528 1244.86
726) 3d:0.925117 -3.99845 -10.4803      2d: 618.975 1201.91
727) 3d:3.52547 -4.06097 -9.01753      2d: 333.485 1268.93
728) 3d:3.40162 -3.48473 -9.40288      2d: 357.829 1190.04
729) 3d:2.26854 -4.33333 -8.96351      2d: 471.258 1302.08
730) 3d:-4.87057 -0.833173 -11.0685      2d: 1139.43 895.901
731) 3d:3.82004 -2.86612 -8.79708      2d: 293.221 1145.26
732) 3d:-1.88027 -3.76555 -10.3968      2d: 887.841 1181.91
733) 3d:3.71093 0.230127 -8.41466      2d: 291.402 795.043
734) 3d:3.85647 0.23734 -8.38576      2d: 273.122 794.021
735) 3d:3.14511 2.14426 -8.37782      2d: 356.586 568.735
736) 3d:1.37369 -2.07939 -8.84521      2d: 569.402 1054.4
737) 3d:4.02076 -3.47618 -8.69426      2d: 266.64 1218.83
738) 3d:-0.964998 -4.07092 -8.87037      2d: 832.55 1277.3
739) 3d:4.70949 -2.43393 -8.39131      2d: 172.856 1109.94
740) 3d:3.64021 2.1425 -7.75079      2d: 273.068 549.276
741) 3d:4.4632 -2.84907 -8.67675      2d: 215.305 1147.67
742) 3d:3.15405 -4.14167 -9.6865      2d: 390.702 1247.01
743) 3d:4.71113 -3.79311 -8.53445      2d: 179.98 1262.93
744) 3d:4.06323 -3.77479 -8.76788      2d: 264.737 1249.47
745) 3d:-4.91942 -1.02609 -10.9349      2d: 1150.42 914.737
746) 3d:-2.78854 -4.16419 -12.7809      2d: 907.418 1146.57
747) 3d:0.439822 -4.60716 -9.30308      2d: 671.999 1313.53
748) 3d:1.04538 -1.15614 -8.7958      2d: 606.035 952.175
749) 3d:0.743772 -4.01619 -9.18566      2d: 639.707 1256.24
750) 3d:1.2198 -3.3697 -6.87207      2d: 580.126 1305.62
751) 3d:-4.99583 -3.55936 -11.0404      2d: 1153.42 1142.42
752) 3d:3.43854 -4.18943 -9.30539      2d: 351.36 1269.45
753) 3d:4.24063 -2.89253 -8.66019      2d: 240.046 1153.25
754) 3d:1.46637 -4.17784 -9.14273      2d: 561.2 1275.52
755) 3d:1.46907 -4.12551 -9.11566      2d: 560.758 1271.28
756) 3d:2.85389 1.91175 -8.69535      2d: 398.99 604.578
757) 3d:4.1054 -0.210462 -8.27517      2d: 238.902 847.024
758) 3d:3.79632 -1.34434 -8.54469      2d: 286.482 977.673
759) 3d:1.58979 -4.12067 -9.20166      2d: 548.183 1266.73
760) 3d:3.85731 -3.58961 -8.80832      2d: 289.511 1226.68
761) 3d:4.36299 -2.8462 -8.63503      2d: 224.925 1149.03
762) 3d:2.51826 -4.0069 -9.52778      2d: 453.376 1239.93
763) 3d:-4.52977 -3.13049 -11.2698      2d: 1100.88 1097.77
764) 3d:3.84057 -3.12431 -8.9962      2d: 297.955 1166.51
765) 3d:3.57182 -2.05297 -9.01025      2d: 327.964 1048.57
766) 3d:0.58652 -3.98097 -9.19683      2d: 656.638 1251.37
767) 3d:4.23494 -0.314308 -8.33177      2d: 226.025 859.291
768) 3d:4.4349 -0.545158 -8.33483      2d: 202.435 886.915
769) 3d:4.35794 -2.66741 -8.62297      2d: 224.947 1128.73
770) 3d:1.17732 -4.26542 -8.14821      2d: 590.425 1340.64
771) 3d:4.53429 0.612526 -8.20943      2d: 184.205 748.455
772) 3d:1.86569 -4.24125 -9.47919      2d: 521.051 1266.19
773) 3d:-1.34152 -5.01833 -8.95261      2d: 872.792 1378.18
774) 3d:2.76205 1.17746 -9.19779      2d: 420.507 695.835
775) 3d:4.34973 -2.18465 -8.5108      2d: 220.834 1076.6
776) 3d:-4.8469 -0.666195 -10.9696      2d: 1141.94 881.295
777) 3d:3.1021 -3.19099 -9.362      2d: 388.461 1160.24
778) 3d:-0.0667157 -4.09753 -8.88499      2d: 731.491 1279.63
779) 3d:1.12992 -3.95625 -9.1401      2d: 597.756 1251.48
780) 3d:3.08251 1.6383 -8.51194      2d: 367.92 632.004
781) 3d:3.93475 -3.36826 -8.7911      2d: 280.123 1202.49
782) 3d:2.47029 -3.06723 -9.23365      2d: 453.349 1151.51
783) 3d:3.24073 -5.52595 -10.0622      2d: 390.461 1367.98
